43.3600, 1660683265.583829
43.4183, 1660683326.085271
43.4183, 1660683386.196203
43.4300, 1660683446.421704
43.4300, 1660683506.51257
43.4300, 1660683566.598435
43.4400, 1660683626.842705
43.4400, 1660683687.12348
43.4597, 1660683747.303203
43.4500, 1660683807.789136
43.4500, 1660683868.147918
43.4689, 1660683928.335128
43.4588, 1660683988.501249
43.4406, 1660684048.741834
43.3551, 1660684108.924565
43.3551, 1660684169.094682
43.3551, 1660684229.396335
43.3800, 1660684289.731756
43.3800, 1660684350.038936
43.3299, 1660684410.376287
43.3299, 1660684470.724222
43.3299, 1660684530.908916
43.3299, 1660684591.346123
43.3200, 1660684651.50885
43.3036, 1660684711.711379
43.2800, 1660684772.322655
43.2789, 1660684832.495421
43.2789, 1660684892.661169
43.2215, 1660684952.853732
43.2215, 1660685013.26777
43.2215, 1660685073.459508
43.2215, 1660685133.739117
43.1800, 1660685193.97733
43.1900, 1660685254.182396
43.1977, 1660685314.341838
43.3200, 1660685374.54644
43.3459, 1660685434.725579
43.2900, 1660685494.912442
43.2900, 1660685555.10433
43.2900, 1660685615.267251
43.2800, 1660685675.533893
43.2800, 1660685735.709158
43.2900, 1660685796.009573
43.2900, 1660685856.353097
43.2900, 1660685916.698793
43.2900, 1660685976.882463
43.2900, 1660686037.157272
43.2900, 1660686097.420025
43.2900, 1660686157.652111
43.2700, 1660686217.877691
43.1930, 1660686278.061157
43.1930, 1660686338.239255
43.2100, 1660686398.453445
43.1791, 1660686458.629817
43.1791, 1660686519.025967
43.1791, 1660686579.219171
43.1791, 1660686639.430632
43.1791, 1660686699.721974
43.1500, 1660686760.017319
43.1500, 1660686820.185884
43.1500, 1660686880.366331
43.1500, 1660686940.553997
43.1500, 1660687000.758817
43.1500, 1660687060.923955
43.1808, 1660687121.090246
43.2500, 1660687181.280472
43.2688, 1660687241.554303
43.2688, 1660687301.858094
43.1950, 1660687362.04701
43.1020, 1660687422.226807
43.1020, 1660687482.393586
43.1020, 1660687542.673402
43.0500, 1660687602.865652
43.0161, 1660687663.02948
43.0174, 1660687723.20896
43.0699, 1660687783.375087
43.0755, 1660687843.65449
43.1200, 1660687903.834583
43.1200, 1660687964.062721
43.1200, 1660688024.222074
43.1200, 1660688084.39277
43.1200, 1660688144.574157
43.0395, 1660688204.750304
43.0241, 1660688264.933255
42.9676, 1660688325.104271
42.9700, 1660688385.340177
42.9900, 1660688445.518385
42.9900, 1660688505.699329
42.9703, 1660688565.964359
43.0592, 1660688626.139414
43.0200, 1660688686.324993
43.0200, 1660688746.505598
42.9900, 1660688806.686033
43.0223, 1660688866.899902
43.0223, 1660688927.077771
43.0500, 1660688987.272015
43.0500, 1660689047.439
43.0148, 1660689107.630108
42.9138, 1660689167.82232
42.8892, 1660689228.051391
42.9600, 1660689288.227847
42.9600, 1660689348.390477
42.9400, 1660689408.552638
42.9400, 1660689468.729404
42.9400, 1660689528.905236
43.0438, 1660689589.078634
43.0900, 1660689649.264237
43.0900, 1660689709.428193
43.0900, 1660689769.607563
43.0900, 1660689830.03914
43.0900, 1660689890.243357
43.0900, 1660689950.43348
43.0900, 1660690010.590016
43.0900, 1660690070.817737
43.0900, 1660690131.039415
43.1100, 1660690191.190628
43.1100, 1660690251.647175
43.1391, 1660690311.923655
43.1391, 1660690372.147558
43.1391, 1660690432.390776
43.1500, 1660690492.578225
43.1500, 1660690552.739333
43.1500, 1660690612.936826
43.1500, 1660690673.114781
43.1300, 1660690733.27399
43.0645, 1660690793.439617
43.0500, 1660690853.620607
43.0500, 1660690913.790598
43.1468, 1660690973.955579
43.1468, 1660691034.120097
43.1500, 1660691094.340929
43.1500, 1660691154.517229
43.1200, 1660691214.704474
43.1200, 1660691274.868819
43.1200, 1660691335.056593
43.2200, 1660691395.2194
43.2200, 1660691455.404617
43.2200, 1660691515.587491
43.2200, 1660691575.771226
43.1400, 1660691665.620974
