40.6600, 1660846762.531861
40.6800, 1660846822.584678
40.6200, 1660846882.63358
40.6200, 1660846942.679334
40.5700, 1660847002.730064
40.5700, 1660847062.78246
40.5951, 1660847122.834474
40.5951, 1660847182.884055
40.6400, 1660847242.933093
40.6300, 1660847302.987835
40.6572, 1660847363.038046
40.6572, 1660847423.089222
40.6572, 1660847483.146506
40.6300, 1660847543.195724
40.6300, 1660847603.244169
40.6300, 1660847663.294711
40.5678, 1660847723.347053
40.5639, 1660847783.39886
40.5639, 1660847843.451103
40.6000, 1660847903.509744
40.6000, 1660847963.564895
40.5565, 1660848023.616722
40.5566, 1660848083.680476
40.5566, 1660848143.739825
40.5566, 1660848203.801645
40.5147, 1660848263.854278
40.5135, 1660848323.913535
40.4296, 1660848383.966769
40.4000, 1660848444.026904
40.4001, 1660848504.088784
40.4200, 1660848564.147943
40.4000, 1660848624.205801
40.4000, 1660848684.259638
40.4000, 1660848744.315224
40.5000, 1660848804.370337
40.5688, 1660848864.43411
40.5692, 1660848924.492459
40.7296, 1660848984.557654
40.7838, 1660849044.61667
40.7801, 1660849104.671911
40.7000, 1660849164.729368
40.6912, 1660849224.786047
40.6900, 1660849284.846768
40.7400, 1660849344.912196
40.7461, 1660849404.975492
40.7461, 1660849465.03696
40.7926, 1660849525.104308
40.8000, 1660849585.208792
40.7384, 1660849645.267508
40.7500, 1660849705.335734
40.7700, 1660849765.40355
40.8000, 1660849825.460407
40.8200, 1660849885.5198
40.8200, 1660849945.580352
40.8200, 1660850005.644943
40.8800, 1660850065.700887
40.9300, 1660850125.756171
40.8700, 1660850185.814011
40.8600, 1660850245.881192
40.8626, 1660850305.947399
40.9200, 1660850366.002562
40.9584, 1660850426.057985
41.0000, 1660850486.119996
40.9800, 1660850546.179385
41.0000, 1660850606.2394
41.0000, 1660850666.339477
40.9600, 1660850726.398628
40.9649, 1660850786.459322
41.0000, 1660850846.524614
40.9933, 1660850906.588854
40.9933, 1660850966.654321
40.9933, 1660851026.713699
40.9933, 1660851086.774583
41.0105, 1660851146.835802
41.0104, 1660851206.90085
41.0200, 1660851266.962375
41.0100, 1660851327.020695
40.9682, 1660851387.080363
40.9404, 1660851447.149769
41.0228, 1660851507.213417
41.0228, 1660851567.274192
41.0228, 1660851627.339928
40.9128, 1660851687.400626
40.9128, 1660851747.46475
40.9000, 1660851807.522625
40.9000, 1660851867.582108
40.9000, 1660851927.646744
40.8800, 1660851987.713845
40.8300, 1660852047.774923
40.8300, 1660852107.839198
40.8300, 1660852167.897694
40.8600, 1660852227.962839
40.8600, 1660852288.027991
40.8600, 1660852348.092941
40.8600, 1660852408.156001
40.8600, 1660852468.218456
40.8300, 1660852528.277211
40.8300, 1660852588.3401
40.8200, 1660852648.405207
40.8100, 1660852708.467074
40.7999, 1660852768.533601
40.7707, 1660852828.596557
40.7900, 1660852888.662382
40.8886, 1660852948.729808
40.8778, 1660853008.790376
40.8600, 1660853068.850925
40.8600, 1660853128.913477
40.8000, 1660853188.977586
40.7509, 1660853249.038119
40.7357, 1660853309.099602
40.7357, 1660853369.166799
40.7090, 1660853429.231617
40.7000, 1660853489.293889
40.7000, 1660853549.36912
40.7500, 1660853609.432194
40.8500, 1660853669.506016
40.9500, 1660853729.573669
40.9500, 1660853789.6372
40.9000, 1660853849.759002
40.8500, 1660853909.824171
40.8038, 1660853969.896609
40.7500, 1660854029.974362
40.8000, 1660854090.044211
40.8522, 1660854150.119569
40.8865, 1660854210.188306
40.8700, 1660854270.25135
40.8600, 1660854330.32096
40.8600, 1660854390.387043
40.8300, 1660854450.461909
40.8300, 1660854510.523994
40.8400, 1660854570.589452
40.8400, 1660854630.654916
40.8400, 1660854690.734593
40.9000, 1660854750.806973
40.9000, 1660854810.870316
40.8900, 1660854870.976062
40.8900, 1660854931.040207
40.9000, 1660854991.105866
40.9000, 1660855051.172777
40.9728, 1660855111.249441
40.9728, 1660855171.320487
41.0300, 1660855231.384141
41.0300, 1660855291.456863
40.9719, 1660855351.526572
40.9500, 1660855411.601306
40.9700, 1660855471.66812
40.9700, 1660855531.745359
40.9767, 1660855591.825038
40.9533, 1660855651.895081
40.9800, 1660855711.962424
41.0448, 1660855772.034456
41.0500, 1660855832.135076
41.0800, 1660855892.201486
41.1100, 1660855952.276522
41.1197, 1660856012.344872
41.1197, 1660856072.416131
41.1197, 1660856132.491633
41.1197, 1660856192.566825
41.1361, 1660856252.635544
41.1200, 1660856312.701912
41.1200, 1660856372.771646
41.1500, 1660856432.839406
41.1600, 1660856492.913182
41.1800, 1660856552.984707
41.1700, 1660856613.060689
41.1700, 1660856673.134284
41.2031, 1660856733.203423
41.1758, 1660856793.276537
41.1518, 1660856853.357878
41.0600, 1660856913.428996
41.0700, 1660856973.505314
41.0700, 1660857033.581622
41.1100, 1660857093.64807
41.1100, 1660857153.730351
41.1100, 1660857213.80766
41.0800, 1660857273.882922
41.0800, 1660857333.964318
41.0600, 1660857394.041308
41.0600, 1660857454.11911
41.0500, 1660857514.199113
41.0500, 1660857574.277243
41.0500, 1660857634.354414
41.1071, 1660857694.428684
41.1071, 1660857754.508178
41.1071, 1660857814.588613
41.1071, 1660857874.697873
41.0880, 1660857934.77808
41.0800, 1660857994.851654
41.0458, 1660858054.930186
41.0708, 1660858115.004599
41.0708, 1660858175.084545
41.1102, 1660858235.168383
41.1716, 1660858295.246409
41.1716, 1660858355.32559
41.1210, 1660858415.401403
41.1210, 1660858475.476948
41.1210, 1660858535.556126
41.1210, 1660858595.628339
41.0900, 1660858655.699987
41.1000, 1660858715.77861
41.1000, 1660858775.854885
41.0900, 1660858835.96087
41.1000, 1660858896.04297
41.0900, 1660858956.120373
41.0900, 1660859016.198796
41.0536, 1660859076.270719
40.9684, 1660859136.355862
40.9683, 1660859196.436238
41.0556, 1660859256.513688
41.0556, 1660859316.588383
41.1000, 1660859376.663561
41.1100, 1660859436.739197
41.1428, 1660859496.813999
41.1428, 1660859556.886952
41.1428, 1660859616.963579
41.0071, 1660859677.044641
41.0082, 1660859737.117295
41.0082, 1660859797.230396
41.0082, 1660859857.30705
41.0082, 1660859917.389931
41.0082, 1660859977.465154
41.0082, 1660860037.542553
41.0082, 1660860097.619019
41.0082, 1660860157.694157
41.0082, 1660860217.775946
41.0082, 1660860277.853568
41.0082, 1660860337.931367
41.0082, 1660860398.01127
41.0082, 1660860458.092361
41.0082, 1660860518.171891
41.0082, 1660860578.249671
41.0082, 1660860638.334131
41.0082, 1660860698.410143
41.0082, 1660860758.490048
40.9200, 1660860818.605781
40.8724, 1660860878.681212
40.8300, 1660860938.75728
40.8317, 1660860998.837896
40.9000, 1660861058.916653
40.9405, 1660861118.996787
41.0000, 1660861179.078116
41.0163, 1660861239.16064
41.0264, 1660861299.238997
41.0500, 1660861359.313428
41.0382, 1660861419.403778
40.9408, 1660861479.480005
40.9408, 1660861539.559486
40.9408, 1660861599.63561
40.9100, 1660861659.710717
40.9700, 1660861719.792958
41.0500, 1660861779.903397
41.0500, 1660861839.982607
41.0500, 1660861900.062885
40.9745, 1660861960.140271
40.9732, 1660862020.219897
40.9000, 1660862080.306757
40.9000, 1660862140.383725
40.9000, 1660862200.466764
40.8700, 1660862260.547222
40.9500, 1660862320.633203
40.9500, 1660862380.716155
40.9400, 1660862440.806211
40.9400, 1660862500.885992
40.9000, 1660862560.963904
40.9056, 1660862621.043885
40.9056, 1660862681.121134
40.9200, 1660862741.198694
40.9500, 1660862801.309752
40.8904, 1660862861.395458
40.8882, 1660862921.47426
40.8505, 1660862981.552552
40.8505, 1660863041.635199
40.8505, 1660863101.716752
40.9000, 1660863161.808851
40.9498, 1660863221.89037
40.9700, 1660863281.972355
40.8989, 1660863342.056817
40.8493, 1660863402.136173
40.8200, 1660863462.228513
40.8200, 1660863522.314226
40.7613, 1660863582.406165
40.7322, 1660863642.487378
40.7113, 1660863702.57054
40.7100, 1660863762.680296
40.7100, 1660863822.761222
40.7100, 1660863882.855451
40.7540, 1660863942.945478
40.7540, 1660864003.02817
40.8200, 1660864063.114497
40.8195, 1660864123.197483
40.8090, 1660864183.280882
40.7226, 1660864243.364611
40.6048, 1660864303.445988
40.5344, 1660864363.531999
40.5554, 1660864423.621014
40.4678, 1660864483.714854
40.2610, 1660864543.800216
40.3015, 1660864603.894657
40.3208, 1660864663.984381
40.0980, 1660864724.068967
39.6883, 1660864784.183336
39.3903, 1660864844.275525
39.6309, 1660864904.370805
39.5430, 1660864964.454526
39.5087, 1660865024.541583
39.5300, 1660865084.628773
39.4505, 1660865144.718299
39.4362, 1660865204.807212
39.5277, 1660865264.894651
39.5578, 1660865324.975956
39.4950, 1660865385.059271
39.4950, 1660865445.153951
39.6345, 1660865505.242241
39.7944, 1660865565.341207
39.7703, 1660865625.427945
39.8500, 1660865685.524643
39.8600, 1660865745.617627
39.8167, 1660865805.699706
39.7711, 1660865865.790002
39.8069, 1660865925.882468
39.7403, 1660865985.978325
39.7208, 1660866046.063432
39.7208, 1660866106.149205
39.6547, 1660866166.242935
39.6394, 1660866226.326456
39.6339, 1660866286.420594
39.6200, 1660866346.513391
39.6700, 1660866406.604535
39.6566, 1660866466.700784
39.6300, 1660866526.787524
39.6400, 1660866586.874423
39.6411, 1660866646.963857
39.5581, 1660866707.054396
39.5490, 1660866767.150918
39.5931, 1660866827.270363
39.5700, 1660866887.353716
39.5607, 1660866947.445827
39.5152, 1660867007.5401
39.5600, 1660867067.637339
39.5200, 1660867127.731294
39.5200, 1660867187.822284
39.5135, 1660867247.919095
39.5300, 1660867308.004001
39.4417, 1660867368.094549
39.3835, 1660867428.181281
39.4500, 1660867488.275671
39.3600, 1660867548.367503
39.3600, 1660867608.457346
39.5100, 1660867668.554713
39.4300, 1660867728.645674
39.4300, 1660867788.745892
39.2770, 1660867848.842272
39.1783, 1660867908.93348
39.0822, 1660867969.024819
39.1846, 1660868029.12146
39.1212, 1660868089.21667
39.0217, 1660868149.308986
38.9175, 1660868209.399642
38.9146, 1660868269.497121
38.8497, 1660868329.589853
38.7218, 1660868389.682575
38.5908, 1660868449.778991
38.2620, 1660868509.870926
38.2572, 1660868569.965321
38.5276, 1660868630.05632
38.5123, 1660868690.151557
38.5894, 1660868750.249337
38.5000, 1660868810.336715
38.6225, 1660868870.463246
38.6410, 1660868930.554338
38.6689, 1660868990.65602
38.6705, 1660869050.746802
38.5241, 1660869110.847417
38.4946, 1660869170.946503
38.5406, 1660869231.040666
38.5896, 1660869291.134389
38.5600, 1660869351.228495
38.6413, 1660869411.320742
38.6087, 1660869471.421858
38.5915, 1660869531.526767
38.6195, 1660869591.617807
38.6100, 1660869651.715122
38.5526, 1660869711.80687
38.5203, 1660869771.898486
38.5448, 1660869831.997287
38.5949, 1660869892.099453
38.6698, 1660869952.226805
38.7116, 1660870012.321509
38.7891, 1660870072.415313
38.7213, 1660870132.517158
38.6709, 1660870192.62134
38.5800, 1660870252.716756
38.4986, 1660870312.810601
38.5018, 1660870372.905454
38.5500, 1660870432.99747
38.4897, 1660870493.093719
38.6000, 1660870553.190641
38.6000, 1660870613.284114
38.6000, 1660870673.38415
38.4999, 1660870733.480399
38.5400, 1660870793.57427
38.4885, 1660870853.669302
38.5315, 1660870913.773537
38.5315, 1660870973.875685
38.4913, 1660871033.97404
38.4919, 1660871094.101571
38.5419, 1660871154.198075
38.4348, 1660871214.290352
38.4300, 1660871274.384883
38.3326, 1660871334.481029
38.3598, 1660871394.575551
38.3498, 1660871454.679714
38.3157, 1660871514.7791
38.2701, 1660871574.874365
38.2574, 1660871634.965893
38.2433, 1660871695.057031
38.2400, 1660871755.167039
38.2100, 1660871815.260662
38.2333, 1660871875.356563
38.0613, 1660871935.463665
38.0164, 1660871995.562735
38.0164, 1660872055.654667
38.0300, 1660872115.755163
37.9702, 1660872175.88912
37.9817, 1660872235.996252
37.9471, 1660872296.089695
37.9700, 1660872356.18853
37.9289, 1660872416.287365
37.8998, 1660872476.38381
37.9593, 1660872536.479139
37.8834, 1660872596.583937
38.1367, 1660872656.680758
38.0411, 1660872716.776878
38.1048, 1660872776.876046
38.2520, 1660872836.982666
38.3200, 1660872897.080038
38.3657, 1660872957.18045
38.3165, 1660873017.278504
38.2207, 1660873077.378437
38.1394, 1660873137.478264
38.1400, 1660873197.57474
38.1500, 1660873257.68115
38.2000, 1660873317.781258
38.1300, 1660873377.888318
38.1359, 1660873437.996746
38.1359, 1660873498.094852
38.1359, 1660873558.198876
38.1900, 1660873618.294692
38.0925, 1660873678.39587
38.0900, 1660873738.496036
38.0600, 1660873798.607597
38.0226, 1660873858.715144
37.9906, 1660873918.820659
37.9109, 1660873978.930232
37.9434, 1660874039.027906
37.9400, 1660874099.135406
37.9934, 1660874159.272304
37.9740, 1660874219.371359
38.0414, 1660874279.471215
38.0900, 1660874339.572204
38.1500, 1660874399.683467
38.1485, 1660874459.787163
38.1485, 1660874519.889437
38.1151, 1660874579.991743
38.0716, 1660874640.103791
38.0500, 1660874700.212137
38.0727, 1660874760.317344
38.1492, 1660874820.416355
38.2012, 1660874880.517023
38.2384, 1660874940.617182
38.2000, 1660875000.720957
38.2345, 1660875060.820101
38.2806, 1660875120.920348
38.2806, 1660875181.019744
38.2806, 1660875241.121056
38.1800, 1660875301.230279
38.2600, 1660875361.330849
38.2600, 1660875421.433125
38.2600, 1660875481.540359
38.3463, 1660875541.649391
38.3478, 1660875601.750398
38.2900, 1660875661.857196
38.2500, 1660875721.965383
38.2500, 1660875782.069825
38.1951, 1660875842.17803
38.2000, 1660875902.280282
38.2298, 1660875962.385078
38.3268, 1660876022.497353
38.2900, 1660876082.605571
38.2900, 1660876142.744137
38.2500, 1660876202.852242
38.2500, 1660876262.957879
38.2500, 1660876323.059484
38.2300, 1660876383.1636
38.1900, 1660876443.271956
38.3500, 1660876503.380387
38.3209, 1660876563.486838
38.1900, 1660876623.597494
38.1604, 1660876683.729626
38.1500, 1660876743.837097
38.1600, 1660876803.944827
38.1600, 1660876864.055449
38.1949, 1660876924.16984
38.2000, 1660876984.27667
38.1400, 1660877044.387827
38.1400, 1660877104.497248
38.1400, 1660877164.600145
38.1592, 1660877224.709138
38.2500, 1660877284.826115
38.2623, 1660877344.935676
38.2000, 1660877405.043851
38.1933, 1660877465.151249
38.1600, 1660877525.259764
38.1380, 1660877585.369168
38.1588, 1660877645.472475
38.1700, 1660877705.578128
38.1700, 1660877765.682971
38.1700, 1660877825.798628
38.2300, 1660877885.904486
38.2112, 1660877946.012036
38.2112, 1660878006.119432
38.2112, 1660878066.237251
38.2112, 1660878126.373244
38.2900, 1660878186.480718
38.2900, 1660878246.587734
38.2600, 1660878306.700074
38.2488, 1660878366.807461
38.2110, 1660878426.914345
38.2110, 1660878487.027697
38.1800, 1660878547.136373
38.1800, 1660878607.245168
38.1800, 1660878667.353436
38.2212, 1660878727.460881
38.2212, 1660878787.566419
38.2212, 1660878847.67606
38.2228, 1660878907.790104
38.2300, 1660878967.901506
38.2499, 1660879028.009081
38.2000, 1660879088.118315
38.2176, 1660879148.228702
38.2176, 1660879208.337639
38.2176, 1660879268.45057
38.2300, 1660879328.559385
38.1611, 1660879388.662767
38.1611, 1660879448.776448
38.1611, 1660879508.881243
38.1611, 1660879568.993837
38.2400, 1660879629.105942
38.2400, 1660879689.215392
38.2500, 1660879749.32374
38.2959, 1660879809.430914
38.2603, 1660879869.544642
38.2300, 1660879929.649608
38.2316, 1660879989.761666
38.2400, 1660880049.87472
38.2400, 1660880110.021304
38.3155, 1660880170.128372
38.2925, 1660880230.24251
38.2942, 1660880290.355634
38.3055, 1660880350.463575
38.3300, 1660880410.576918
38.3300, 1660880470.695835
38.3897, 1660880530.809075
38.3819, 1660880590.919534
38.3700, 1660880651.026589
38.3802, 1660880711.147443
38.3802, 1660880771.264107
38.3802, 1660880831.374169
38.3319, 1660880891.487851
38.3100, 1660880951.605838
38.3331, 1660881011.714578
38.3400, 1660881071.823324
38.3400, 1660881131.935443
38.3400, 1660881192.043676
38.3500, 1660881252.16628
38.4041, 1660881312.272886
38.4041, 1660881372.386061
38.5015, 1660881432.496973
38.3355, 1660881492.615803
38.3317, 1660881552.729247
38.3317, 1660881612.841784
38.3317, 1660881672.964465
38.3317, 1660881733.081922
38.2768, 1660881793.195577
38.3100, 1660881853.308881
38.3900, 1660881913.428331
38.3900, 1660881973.543608
38.3800, 1660882033.667785
38.3800, 1660882093.812146
38.3800, 1660882153.933148
38.2200, 1660882214.048339
38.1418, 1660882274.164502
38.1750, 1660882334.273428
38.2183, 1660882394.387514
38.2183, 1660882454.510331
38.2286, 1660882514.624822
38.2286, 1660882574.7488
38.2400, 1660882634.865553
38.2057, 1660882694.975221
38.2057, 1660882755.089113
38.1600, 1660882815.205694
38.1600, 1660882875.318574
38.1600, 1660882935.434112
38.2413, 1660882995.549442
38.2500, 1660883055.66384
38.2500, 1660883115.775501
38.3069, 1660883175.88641
38.2900, 1660883236.003884
38.2700, 1660883296.123614
38.2600, 1660883356.245845
38.2600, 1660883416.370502
38.3040, 1660883476.492586
38.3040, 1660883536.618419
38.3000, 1660883596.735719
38.3000, 1660883656.856458
38.3029, 1660883716.978156
38.3086, 1660883777.10358
38.3200, 1660883837.218491
38.3192, 1660883897.339109
38.3400, 1660883957.456614
38.3400, 1660884017.570064
38.3400, 1660884077.714607
38.3400, 1660884137.840744
38.3400, 1660884197.96407
38.3000, 1660884258.084131
38.2940, 1660884318.200436
38.2940, 1660884378.325047
38.2694, 1660884438.448792
38.2500, 1660884498.565177
38.2200, 1660884558.681832
38.2192, 1660884618.80902
38.2300, 1660884678.930588
38.2300, 1660884739.046748
38.2300, 1660884799.168435
38.3000, 1660884859.29301
38.3000, 1660884919.419759
38.3000, 1660884979.541073
38.2701, 1660885039.661768
38.3000, 1660885099.774561
38.3000, 1660885159.898068
38.2100, 1660885220.020082
38.2200, 1660885280.137762
38.2600, 1660885340.252006
38.2600, 1660885400.369791
38.2600, 1660885460.493259
38.2100, 1660885520.620551
38.2100, 1660885580.745415
38.2100, 1660885640.869327
38.2711, 1660885700.994235
38.2711, 1660885761.115674
38.2949, 1660885821.244017
38.2949, 1660885881.37346
38.2949, 1660885941.494736
38.3000, 1660886001.623359
38.3000, 1660886061.777545
38.2455, 1660886121.891842
38.2500, 1660886182.008724
38.2500, 1660886242.127466
38.3679, 1660886302.245486
38.3679, 1660886362.371134
38.3500, 1660886422.489053
38.3560, 1660886482.621017
38.4000, 1660886542.743618
38.4000, 1660886602.866809
38.3500, 1660886662.991853
38.3494, 1660886723.10995
38.3494, 1660886783.228904
38.2964, 1660886843.355993
38.2964, 1660886903.481661
38.3100, 1660886963.598304
38.3300, 1660887023.723964
38.3300, 1660887083.845547
38.3000, 1660887143.965581
38.3100, 1660887204.090438
38.3172, 1660887264.217289
38.3172, 1660887324.336701
38.2800, 1660887384.459573
38.2800, 1660887444.594202
38.2900, 1660887504.726855
38.2800, 1660887564.845771
38.2800, 1660887624.966699
38.3400, 1660887685.089177
38.2989, 1660887745.216484
38.2714, 1660887805.348115
38.2714, 1660887865.478176
38.2714, 1660887925.603436
38.2600, 1660887985.728696
38.2600, 1660888045.890359
38.3100, 1660888106.023317
38.3100, 1660888166.141141
38.3100, 1660888226.268242
38.2800, 1660888286.391259
38.2800, 1660888346.524684
38.2623, 1660888406.646063
38.2094, 1660888466.7788
38.1800, 1660888526.903921
38.1900, 1660888587.028241
38.2261, 1660888647.155731
38.2261, 1660888707.275638
38.3000, 1660888767.396188
38.3000, 1660888827.525691
38.3000, 1660888887.653503
38.3000, 1660888947.779511
38.3000, 1660889007.904514
38.2000, 1660889068.027916
38.1800, 1660889128.152566
38.1809, 1660889188.275219
38.2086, 1660889248.406528
38.2094, 1660889308.5309
38.2408, 1660889368.66963
38.2408, 1660889428.795375
38.2408, 1660889488.931301
38.2408, 1660889549.05751
38.2118, 1660889609.181552
38.2118, 1660889669.306201
38.1783, 1660889729.43385
38.1897, 1660889789.562802
38.1300, 1660889849.685378
38.1300, 1660889909.808402
38.1300, 1660889969.932836
38.1150, 1660890030.092316
38.1000, 1660890090.221073
38.1000, 1660890150.356214
38.1000, 1660890210.479647
38.1000, 1660890270.603994
38.0479, 1660890330.725621
38.0335, 1660890390.852721
38.0335, 1660890450.977273
38.0200, 1660890511.104158
37.9963, 1660890571.230429
37.9502, 1660890631.35526
37.9010, 1660890691.488929
37.5470, 1660890751.619542
37.4567, 1660890811.74381
37.3374, 1660890871.873719
37.4300, 1660890932.009901
37.3684, 1660890992.140377
37.2055, 1660891052.266915
35.9160, 1660891112.400295
35.6755, 1660891172.523777
35.6578, 1660891232.654753
36.2412, 1660891292.783851
36.0526, 1660891352.911961
36.3355, 1660891413.041256
36.3899, 1660891473.166617
36.2794, 1660891533.292666
35.9328, 1660891593.430226
36.1374, 1660891653.557475
36.0807, 1660891713.692763
36.1457, 1660891773.830046
36.1263, 1660891833.963108
36.1686, 1660891894.099765
36.1509, 1660891954.230098
36.1131, 1660892014.36875
36.0789, 1660892074.526816
36.0744, 1660892134.651895
36.0505, 1660892194.783674
35.9419, 1660892254.918364
35.9783, 1660892315.053574
35.9800, 1660892375.188176
35.9600, 1660892435.322618
36.1144, 1660892495.461631
36.1566, 1660892555.588485
36.2188, 1660892615.727657
36.2219, 1660892675.859134
36.3886, 1660892735.998513
36.2747, 1660892796.133134
36.3145, 1660892856.261666
36.2536, 1660892916.396826
36.2289, 1660892976.525228
36.2200, 1660893036.659204
36.2211, 1660893096.791508
36.1609, 1660893156.95498
36.2896, 1660893217.078376
36.4166, 1660893277.209654
36.3370, 1660893337.340686
36.3100, 1660893397.483242
36.2700, 1660893457.620662
36.2433, 1660893517.758857
36.3000, 1660893577.896445
36.3472, 1660893638.036162
36.2600, 1660893698.171792
36.3275, 1660893758.307254
36.3000, 1660893818.445425
36.2760, 1660893878.605818
36.1745, 1660893938.747655
36.1177, 1660893998.904745
36.0623, 1660894059.04053
36.2259, 1660894119.180868
36.1900, 1660894179.312416
36.1898, 1660894239.446639
36.2422, 1660894299.619655
36.3557, 1660894359.762547
36.3557, 1660894419.902562
36.3500, 1660894480.043759
36.2900, 1660894540.180615
36.2500, 1660894600.322779
36.2501, 1660894660.458652
36.2000, 1660894720.599498
36.2007, 1660894780.748766
36.2195, 1660894840.887866
36.2600, 1660894901.024709
36.3290, 1660894961.153474
36.3990, 1660895021.296584
36.4100, 1660895081.430804
36.4100, 1660895141.572319
36.5485, 1660895201.709831
36.4872, 1660895261.854713
36.4872, 1660895321.996417
36.4830, 1660895382.169711
36.4800, 1660895442.308941
36.5102, 1660895502.439435
36.6949, 1660895562.569552
36.6660, 1660895622.70867
36.7940, 1660895682.841712
36.8400, 1660895742.980514
36.7700, 1660895803.12248
36.7700, 1660895863.263205
36.7316, 1660895923.400017
36.7307, 1660895983.543082
36.6600, 1660896043.68169
36.6223, 1660896103.816407
36.5844, 1660896163.948531
36.5400, 1660896224.088015
36.5106, 1660896284.230099
36.4369, 1660896344.367761
36.3417, 1660896404.50349
36.4800, 1660896464.670492
36.4166, 1660896524.806218
36.4009, 1660896584.944319
36.4113, 1660896645.07953
36.4302, 1660896705.211667
36.4323, 1660896765.356686
36.4323, 1660896825.493699
36.5035, 1660896885.632783
36.4929, 1660896945.76638
36.4100, 1660897005.900427
36.3904, 1660897066.038581
36.3904, 1660897126.179473
36.3895, 1660897186.32222
36.4000, 1660897246.4638
36.3197, 1660897306.603625
36.3208, 1660897366.74519
36.2737, 1660897426.887468
36.2322, 1660897487.026261
36.2316, 1660897547.168353
36.2100, 1660897607.338669
36.2100, 1660897667.476217
36.2977, 1660897727.615573
36.2977, 1660897787.759798
36.2074, 1660897847.899566
36.1451, 1660897908.0422
36.1298, 1660897968.180414
36.1415, 1660898028.321101
36.1092, 1660898088.464439
36.1400, 1660898148.602887
36.2241, 1660898208.747379
36.3123, 1660898268.884094
36.2906, 1660898329.021484
36.3048, 1660898389.170339
36.3000, 1660898449.309858
36.3155, 1660898509.450991
36.3000, 1660898569.588781
36.3000, 1660898629.728689
36.3892, 1660898689.873564
36.3040, 1660898750.01858
36.3400, 1660898810.166499
36.3400, 1660898870.307028
36.3500, 1660898930.450188
36.2439, 1660898990.58914
36.3240, 1660899050.728627
36.3200, 1660899110.866126
36.2808, 1660899171.003502
36.2543, 1660899231.150143
36.2500, 1660899291.295434
36.2801, 1660899351.435139
36.3291, 1660899411.574981
36.3000, 1660899471.725431
36.2882, 1660899531.865575
36.2588, 1660899592.007445
36.2800, 1660899652.151351
36.2897, 1660899712.289921
36.2547, 1660899772.466004
36.2221, 1660899832.606052
36.2070, 1660899892.744502
36.2070, 1660899952.885635
36.2500, 1660900013.027327
36.2500, 1660900073.173074
36.1400, 1660900133.314505
36.1286, 1660900193.458277
36.1286, 1660900253.60264
36.1156, 1660900313.745921
36.1156, 1660900373.889936
36.1400, 1660900434.041473
36.1400, 1660900494.191505
36.1300, 1660900554.328954
36.1125, 1660900614.475834
36.1534, 1660900674.618097
36.2100, 1660900734.764982
36.2500, 1660900794.91361
36.1903, 1660900855.057333
36.1903, 1660900915.234419
36.1903, 1660900975.383715
36.1903, 1660901035.527706
36.1903, 1660901095.680243
36.1503, 1660901155.82523
36.2500, 1660901215.979101
36.2500, 1660901276.126542
36.2600, 1660901336.28041
36.2243, 1660901396.425521
36.2100, 1660901456.57256
36.2100, 1660901516.720221
36.2100, 1660901576.866418
36.1700, 1660901637.009511
36.1700, 1660901697.151286
36.3129, 1660901757.304229
36.3100, 1660901817.446476
36.3200, 1660901877.593035
36.3200, 1660901937.746226
36.3200, 1660901997.90069
36.3200, 1660902058.040379
36.3361, 1660902118.183271
36.3361, 1660902178.337978
36.3361, 1660902238.492461
36.2444, 1660902298.638871
36.2113, 1660902358.784764
36.2113, 1660902418.936076
36.1700, 1660902479.086426
36.1485, 1660902539.2364
36.1312, 1660902599.380907
36.2909, 1660902659.524185
36.2822, 1660902719.670055
36.2537, 1660902779.823877
36.2537, 1660902839.970089
36.1699, 1660902900.11763
36.0899, 1660902960.269391
36.1400, 1660903020.419977
36.1700, 1660903080.596606
36.1689, 1660903140.746212
36.1689, 1660903200.896888
36.1700, 1660903261.040031
36.1571, 1660903321.197373
36.1404, 1660903381.344821
36.1102, 1660903441.497417
36.1200, 1660903501.651357
36.1200, 1660903561.798499
36.1200, 1660903621.948095
36.1200, 1660903682.094585
36.0800, 1660903742.246017
36.1000, 1660903802.400639
36.1200, 1660903862.549707
36.1565, 1660903922.699801
36.1500, 1660903982.854978
36.1500, 1660904043.011499
36.1500, 1660904103.169626
36.1500, 1660904163.326047
36.1700, 1660904223.510695
36.1700, 1660904283.664539
36.1800, 1660904343.816536
36.1868, 1660904403.971471
36.2668, 1660904464.122086
36.2767, 1660904524.271212
36.2600, 1660904584.430534
36.3125, 1660904644.585993
36.3208, 1660904704.733271
36.3724, 1660904764.887378
36.3696, 1660904825.040122
36.4307, 1660904885.19151
36.3900, 1660904945.344287
36.3729, 1660905005.493885
36.3462, 1660905065.642737
36.4136, 1660905125.793539
36.2800, 1660905185.941972
36.2500, 1660905246.092898
36.2609, 1660905306.273191
36.2609, 1660905366.431437
36.2779, 1660905426.590017
36.2546, 1660905486.743411
36.3000, 1660905546.899129
36.3261, 1660905607.059681
36.3200, 1660905667.212233
36.3010, 1660905727.364699
36.3033, 1660905787.530935
36.2514, 1660905847.680668
36.1978, 1660905907.833248
36.2100, 1660905967.987231
36.2100, 1660906028.145961
36.1982, 1660906088.300308
36.1700, 1660906148.456659
36.1031, 1660906208.617363
36.1312, 1660906268.774749
36.1312, 1660906328.929329
36.1200, 1660906389.084702
36.1727, 1660906449.28016
36.1727, 1660906509.431614
36.1207, 1660906569.584228
36.1058, 1660906629.738042
36.1920, 1660906689.892737
36.1600, 1660906750.060763
36.1800, 1660906810.21301
36.2400, 1660906870.367607
36.2395, 1660906930.526221
36.1634, 1660906990.691767
36.1634, 1660907050.853794
36.0800, 1660907111.009024
36.0800, 1660907171.165661
35.8910, 1660907231.324447
36.0063, 1660907291.479431
36.0172, 1660907351.635147
36.1000, 1660907411.794219
35.9902, 1660907471.966133
36.0700, 1660907532.154164
36.1127, 1660907592.316479
36.1397, 1660907652.477685
36.1287, 1660907712.633438
36.0826, 1660907772.790917
36.0826, 1660907832.945743
36.0000, 1660907893.105332
35.9901, 1660907953.260621
35.9901, 1660908013.415026
36.1034, 1660908073.570752
36.1800, 1660908133.72616
36.1900, 1660908193.888759
36.1800, 1660908254.051368
36.1300, 1660908314.214548
36.1200, 1660908374.371394
36.0610, 1660908434.529399
36.0475, 1660908494.68541
36.0579, 1660908554.849097
36.0116, 1660908615.042344
36.0600, 1660908675.210559
36.1000, 1660908735.36782
35.8792, 1660908795.535633
35.8500, 1660908855.703094
35.8498, 1660908915.869607
35.9500, 1660908976.030049
35.7792, 1660909036.190004
35.7594, 1660909096.354804
35.7000, 1660909156.51379
35.6642, 1660909216.681375
35.6794, 1660909276.841744
35.7400, 1660909337.005042
35.8997, 1660909397.170541
35.9748, 1660909457.338145
35.9652, 1660909517.502594
36.1936, 1660909577.666653
36.2899, 1660909637.822405
36.2615, 1660909697.996103
36.2658, 1660909758.18537
36.2658, 1660909818.363784
36.1300, 1660909878.526582
36.1300, 1660909938.69949
36.0814, 1660909998.86031
36.2448, 1660910059.019037
36.2252, 1660910119.183131
36.3018, 1660910179.352877
36.2571, 1660910239.519201
36.3281, 1660910299.684691
36.3875, 1660910359.856423
36.3879, 1660910420.020324
36.4083, 1660910480.178909
36.3511, 1660910540.354263
36.3275, 1660910600.530216
36.3800, 1660910660.70009
36.4100, 1660910720.866576
36.3277, 1660910781.025958
36.3047, 1660910841.187434
36.3100, 1660910901.359651
36.3700, 1660910961.524114
36.3741, 1660911021.696339
36.4800, 1660911081.867912
36.3990, 1660911142.042918
36.3700, 1660911202.214599
36.3700, 1660911262.381981
36.3300, 1660911322.542601
36.2600, 1660911382.707633
36.2768, 1660911442.867028
36.3997, 1660911503.03429
36.4441, 1660911563.19625
36.4423, 1660911623.366616
36.4327, 1660911683.527104
36.4113, 1660911743.69449
36.3800, 1660911803.86816
36.3100, 1660911864.03075
36.2905, 1660911924.233714
36.3840, 1660911984.401661
36.3839, 1660912044.563085
36.3576, 1660912104.731172
36.3600, 1660912164.900894
36.3600, 1660912225.075682
36.3427, 1660912285.246287
36.3427, 1660912345.416379
36.2000, 1660912405.589421
36.2647, 1660912465.760208
36.3423, 1660912525.924207
36.4155, 1660912586.092051
36.4155, 1660912646.262256
36.4716, 1660912706.430714
36.4680, 1660912766.603738
36.5494, 1660912826.768134
36.6243, 1660912886.94645
36.7317, 1660912947.11826
36.7302, 1660913007.300639
36.7855, 1660913067.511296
36.8200, 1660913127.679157
36.8700, 1660913187.873109
36.7987, 1660913248.045359
36.8300, 1660913308.22829
36.7700, 1660913368.402544
36.7639, 1660913428.571021
36.9143, 1660913488.747568
36.9203, 1660913548.915188
36.8349, 1660913609.082185
36.8300, 1660913669.252425
36.8500, 1660913729.412037
36.7500, 1660913789.578129
36.7400, 1660913849.745505
36.7300, 1660913909.908364
36.7263, 1660913970.074797
36.7075, 1660914030.235066
36.7100, 1660914090.408065
36.6900, 1660914150.608189
36.6614, 1660914210.76964
36.6500, 1660914270.942606
36.6429, 1660914331.109486
36.6300, 1660914391.284864
36.5900, 1660914451.454716
36.5900, 1660914511.628086
36.5900, 1660914571.79614
36.5200, 1660914631.96409
36.5400, 1660914692.131846
36.6100, 1660914752.30043
36.5989, 1660914812.464579
36.5800, 1660914872.629953
36.5500, 1660914932.800356
36.6408, 1660914992.975043
36.6572, 1660915053.143531
36.6801, 1660915113.314469
36.6700, 1660915173.487452
36.6869, 1660915233.695084
36.6869, 1660915293.865515
36.7197, 1660915354.042006
36.7255, 1660915414.208043
36.7255, 1660915474.380829
36.6800, 1660915534.549828
36.6715, 1660915594.709321
36.6520, 1660915654.87777
36.6520, 1660915715.050751
36.5984, 1660915775.222272
36.6100, 1660915835.398162
36.6294, 1660915895.570694
36.5524, 1660915955.744225
36.5524, 1660916015.922237
36.6064, 1660916076.092719
36.5702, 1660916136.260308
36.6403, 1660916196.442857
36.6668, 1660916256.615675
36.5500, 1660916316.817839
36.5208, 1660916376.993225
36.5200, 1660916437.182573
36.5040, 1660916497.350256
36.4800, 1660916557.526798
36.5123, 1660916617.6958
36.4830, 1660916677.861688
36.4700, 1660916738.035111
36.4280, 1660916798.207079
36.4000, 1660916858.376475
36.4300, 1660916918.558399
36.3504, 1660916978.739647
36.3585, 1660917038.911974
36.3577, 1660917099.085688
36.3600, 1660917159.263692
36.3600, 1660917219.436315
36.4416, 1660917279.608103
36.4300, 1660917339.782733
36.4400, 1660917399.950624
36.4706, 1660917460.160173
36.4706, 1660917520.330293
36.4561, 1660917580.497943
36.4700, 1660917640.677498
36.5170, 1660917700.851614
36.5523, 1660917761.020703
36.6013, 1660917821.192656
36.6200, 1660917881.361386
36.5727, 1660917941.636764
36.5600, 1660918001.823041
36.5493, 1660918062.004341
36.5493, 1660918122.176067
36.5493, 1660918182.345643
36.5493, 1660918242.519148
36.5493, 1660918302.689877
36.5493, 1660918362.863231
36.5938, 1660918423.033899
36.5938, 1660918483.202107
36.6494, 1660918543.412829
36.6479, 1660918603.582968
36.7346, 1660918663.752345
36.7382, 1660918723.924371
36.7505, 1660918784.09746
36.7502, 1660918844.271241
36.7700, 1660918904.441068
36.7616, 1660918964.618219
36.6800, 1660919024.786453
36.6716, 1660919084.954657
36.6434, 1660919145.127454
36.6300, 1660919205.300604
36.6200, 1660919265.474544
36.7490, 1660919325.64344
36.8504, 1660919385.813718
36.8504, 1660919445.989179
36.8843, 1660919506.162619
37.0568, 1660919566.333222
37.0279, 1660919626.506625
37.0500, 1660919686.713917
37.0999, 1660919746.890959
37.0333, 1660919807.067978
37.0200, 1660919867.240077
36.9536, 1660919927.411074
36.9240, 1660919987.584354
36.8900, 1660920047.754344
36.8900, 1660920107.924019
36.8311, 1660920168.096191
36.8311, 1660920228.268759
36.8311, 1660920288.44219
36.8758, 1660920348.619451
36.9400, 1660920408.804123
36.8299, 1660920468.979958
36.7537, 1660920529.161851
36.8100, 1660920589.34469
36.7842, 1660920649.523054
36.7076, 1660920709.709699
36.6900, 1660920769.912866
36.6743, 1660920830.083667
36.6685, 1660920890.266751
36.6692, 1660920950.442174
36.6435, 1660921010.614489
36.6400, 1660921070.803744
36.5620, 1660921130.987449
36.5800, 1660921191.16377
36.5751, 1660921251.342049
36.5555, 1660921311.518407
36.5600, 1660921371.694523
36.5500, 1660921431.878646
36.5500, 1660921492.055399
36.5200, 1660921552.233256
36.5200, 1660921612.413144
36.5001, 1660921672.600077
36.5500, 1660921732.784112
36.5277, 1660921792.958952
36.5400, 1660921853.176228
36.5066, 1660921913.363768
36.5400, 1660921973.535208
36.5886, 1660922033.710494
36.6300, 1660922093.896679
36.6500, 1660922154.082477
36.6529, 1660922214.257423
36.6998, 1660922274.440856
36.5868, 1660922334.621625
36.5500, 1660922394.800207
36.6000, 1660922454.985251
36.6000, 1660922515.161481
36.6000, 1660922575.350567
36.6585, 1660922635.539359
36.6500, 1660922695.724485
36.6437, 1660922755.899769
36.6300, 1660922816.081104
36.6500, 1660922876.256651
36.6500, 1660922936.438757
36.6600, 1660922996.618632
36.7285, 1660923056.799988
36.6575, 1660923116.984088
36.6600, 1660923177.162162
36.6600, 1660923237.345525
36.6600, 1660923297.531754
36.7800, 1660923357.708061
36.7800, 1660923417.895454
36.7803, 1660923478.076108
36.7092, 1660923538.257119
36.7000, 1660923598.43236
36.7108, 1660923658.610681
36.8083, 1660923718.800942
36.8300, 1660923778.978276
36.8399, 1660923839.162937
