
35.9800, 1661085593.575194
35.9600, 1661085667.38668
35.9504, 1661085719.688189
35.9504, 1661085779.895424
35.9600, 1661086212.75048
35.9600, 1661086269.514731
35.9600, 1661086312.871935
35.9600, 1661086337.500333
35.9600, 1661086606.321922
36.0100, 1661086634.645257
36.0100, 1661086639.146723
35.9800, 1661086694.351316
36.0100, 1661086699.042598
35.9800, 1661086747.137836
35.9800, 1661086751.832715
35.9280, 1661086893.107135
35.9280, 1661086897.692397
35.9280, 1661086902.290484
35.9280, 1661086976.698431
35.9280, 1661086981.391006
35.9400, 1661086986.04954
35.9280, 1661086990.604384
35.9280, 1661086995.373549
35.9400, 1661087114.228997
35.9400, 1661087119.017591
35.9400, 1661087123.647157
35.9400, 1661087128.35447
35.9400, 1661087132.890019
35.9800, 1661087243.091801
35.9800, 1661087360.136762
35.9600, 1661087450.21366
35.9271, 1661087594.806085
35.9271, 1661087669.460931
35.9600, 1661087749.462065
35.9600, 1661087754.035112
35.9600, 1661087797.003061
35.9600, 1661087801.486664
35.9600, 1661087881.415577
35.9300, 1661087924.226781
35.9300, 1661087928.717452
35.9300, 1661087933.241283
35.8000, 1661088240.272803
35.7756, 1661088494.314511
35.7756, 1661088499.013794
35.7756, 1661088576.820645
35.7899, 1661088796.51049
35.7899, 1661088856.75504
35.8000, 1661088958.546461
35.8000, 1661089127.134774
35.8300, 1661089322.239393
35.8200, 1661089326.909682
35.8300, 1661089331.534517
35.8300, 1661089363.750083
35.8300, 1661089368.358552
35.8300, 1661089494.625955
35.8300, 1661089550.649955
35.8300, 1661089613.164944
35.9500, 1661093518.877647
35.9900, 1661094372.921566
35.9700, 1661094420.505777
35.9800, 1661094574.434928
35.9800, 1661094634.623117
36.0011, 1661094746.19701
36.0100, 1661094897.535263
36.0100, 1661094954.160204
36.0100, 1661094960.506811
36.0300, 1661095026.023904
36.0462, 1661095069.015596
36.0462, 1661095073.591264
36.0462, 1661095078.103409
36.0462, 1661095112.857694
36.0800, 1661095156.703747
36.0462, 1661095161.592555
36.0462, 1661095166.082505
36.0800, 1661095249.092918
36.0800, 1661095253.559159
36.0800, 1661095258.110286
36.0800, 1661095262.601161
36.0800, 1661095267.086993
36.0100, 1661095607.889978
36.0100, 1661095612.524366
36.0400, 1661095617.093954
36.0100, 1661095659.856221
36.0100, 1661095710.26991
35.8800, 1661095786.252024
35.8800, 1661095981.789145
35.8800, 1661095986.369785
35.8800, 1661096019.726768
35.8800, 1661096024.284806
35.8800, 1661096088.692361
35.8800, 1661096128.081697
35.8800, 1661096244.728642
35.8800, 1661096304.940807
35.9700, 1661096370.584005
35.9700, 1661096425.066288
35.9700, 1661096485.280559
35.9600, 1661096502.253463
36.0299, 1661096581.673887
36.0377, 1661096633.307907
36.0600, 1661096725.896249
36.0600, 1661096762.260704
36.0600, 1661096879.997353
36.0600, 1661096909.117614
35.8600, 1661099311.920819
35.8600, 1661099353.520435
35.8600, 1661099384.985494
35.9000, 1661099447.953009
35.9000, 1661099475.157036
35.9000, 1661099535.368041
35.9700, 1661099609.427308
35.9700, 1661099634.660256
36.2158, 1661100465.987043
36.2900, 1661100632.728757
36.2900, 1661100637.243948
36.2900, 1661100655.288818
36.2300, 1661100719.516708
36.2300, 1661100779.835391
36.2300, 1661100840.147414
36.2300, 1661100900.462758
36.2300, 1661100960.781457
36.2300, 1661101021.097656
36.2300, 1661101081.423216
36.2300, 1661101141.735118
36.2300, 1661101202.057172
36.2300, 1661101262.367847
36.2300, 1661101322.715137
36.3000, 1661101393.645552
36.3000, 1661101418.409978
36.3000, 1661101432.784798
36.3000, 1661101455.678215
36.3000, 1661101477.318695
36.3100, 1661101553.109403
36.4100, 1661101814.731581
36.4300, 1661101922.115075
36.4300, 1661101927.026476
36.4300, 1661101931.677281
36.4900, 1661101975.965564
36.5245, 1661102260.438349
36.5245, 1661102264.945049
36.5245, 1661102287.210829
36.5100, 1661102691.853457
36.4900, 1661102713.734412
36.4900, 1661102773.482989
36.4900, 1661102817.278105
36.4900, 1661102842.802498
36.4900, 1661102869.260447
36.4800, 1661102999.774421
36.4600, 1661103023.24269
36.4800, 1661103041.700743
36.4600, 1661103096.950462
36.4600, 1661103142.546556
36.4600, 1661103171.314868
36.4600, 1661103194.009552
36.4600, 1661103211.875072
36.4600, 1661103272.19964
36.4600, 1661103332.537945
36.4600, 1661103392.876714
36.4600, 1661103453.215021
36.4600, 1661103513.552346
36.4400, 1661103598.773515
36.4500, 1661103625.70927
36.4500, 1661103671.721545
36.3896, 1661103799.964203
36.3896, 1661103891.107379
36.3400, 1661103981.785908
36.3400, 1661104007.476123
36.3792, 1661104151.462502
36.3792, 1661104167.479423
36.3792, 1661104190.727824
36.3792, 1661104275.353613
36.3700, 1661104354.093818
36.3700, 1661104372.094795
36.3300, 1661104398.281406
36.3700, 1661104413.569037
36.2800, 1661104698.645379
36.2900, 1661104747.778748
36.2900, 1661104808.190299
36.2900, 1661104831.795316
36.3000, 1661104879.487838
36.1843, 1661105086.093073
36.2100, 1661105249.2057
36.1600, 1661105390.755191
36.2300, 1661105604.555449
36.3203, 1661106272.075864
36.3203, 1661106338.032146
36.3203, 1661106384.493258
36.3203, 1661106446.005173
36.3203, 1661106507.578463
36.3203, 1661106569.133915
36.3203, 1661106630.673321
36.3203, 1661106692.222587
36.3203, 1661106753.753229
36.3203, 1661106815.272406
36.3203, 1661106876.775445
36.3203, 1661106938.302649
36.3203, 1661106999.845817
36.3203, 1661107061.425297
36.3203, 1661107122.80978
36.3203, 1661107184.201487
36.3203, 1661107245.58747
36.3203, 1661107307.019443
36.3203, 1661107368.408321
36.3203, 1661107429.812775
36.3203, 1661107491.21369
36.3203, 1661107552.613708
36.3203, 1661107614.018495
36.3400, 1661107697.502789
36.3500, 1661107765.113706
36.3700, 1661108170.298627
36.3700, 1661108231.835243
36.4200, 1661108254.157476
36.4200, 1661108316.008624
36.4200, 1661108361.332539
36.4200, 1661108381.126444
36.4200, 1661108421.445341
36.4200, 1661108483.138014
36.4200, 1661108544.842411
36.3700, 1661108600.023002
36.3700, 1661108618.248084
36.3700, 1661108652.66922
36.4000, 1661108681.27576
36.4000, 1661108741.6668
36.3800, 1661109440.373977
36.3800, 1661109461.921063
36.3800, 1661109468.675557
36.3800, 1661109522.299562
36.3475, 1661109536.541853
36.3475, 1661109555.213956
36.2744, 1661112502.68048
36.2744, 1661112562.903586
36.2744, 1661112678.656993
36.2744, 1661112744.005341
36.2744, 1661112762.17508
36.2502, 1661112777.612929
36.2502, 1661112807.983421
35.1600, 1661250655.886171
35.1600, 1661250660.782672
35.1600, 1661250775.029798
35.1800, 1661250950.540649
35.1800, 1661251048.548596
35.1500, 1661251129.363832
35.1500, 1661251194.345563
35.2200, 1661251254.759564
35.2500, 1661251403.750205
35.2683, 1661251408.340728
35.2683, 1661251414.302647
35.2683, 1661251418.881654
35.2800, 1661251436.79014
35.2800, 1661251476.232045
35.2900, 1661251536.742223
35.2900, 1661251572.19787
35.2800, 1661251597.5044
35.3843, 1661251657.966168
35.4000, 1661251718.417153
35.2800, 1661251894.446978
35.2406, 1661251899.469194
35.2402, 1661251957.192927
35.2402, 1661252033.986688
35.3300, 1661252094.483529
35.3300, 1661252099.265244
35.2300, 1661252104.096816
35.3200, 1661252108.895358
35.2300, 1661252113.5119
35.3300, 1661252364.196269
30.7700, 1662048156.426001
30.7700, 1662048210.669853
30.7700, 1662048232.761683
30.7200, 1662048261.892491
30.7200, 1662048324.394511
31.5100, 1662108736.552856
31.5100, 1662108741.542458
31.4900, 1662108893.808008
31.4900, 1662108924.221825
31.5000, 1662108928.885158
31.4900, 1662108965.319598
31.5000, 1662109032.360789
31.4800, 1662109121.272043
31.5200, 1662109219.33933
31.5500, 1662109271.469549
31.5300, 1662109447.043286
31.4900, 1662109654.658892
31.4800, 1662109715.114262
31.4800, 1662109867.870029
31.4700, 1662109992.343128
31.4300, 1662110451.180247
31.4300, 1662110501.080248
31.4300, 1662110523.016621
31.5200, 1662110640.813082
31.5800, 1662111215.690736
31.5800, 1662111276.13969
31.5800, 1662111289.71336
31.5700, 1662111350.14994
31.5800, 1662111413.063888
31.5800, 1662111473.518859
31.5800, 1662111652.252299
31.5600, 1662111712.696046
31.5600, 1662111773.12135
31.5600, 1662111935.33652
31.5600, 1662111940.003139
31.5500, 1662111944.769134
31.5600, 1662111949.356444
31.5500, 1662111986.559843
31.5650, 1662112047.011296
31.5500, 1662112113.153854
31.5988, 1662112173.467909
31.5900, 1662112897.324613
31.5900, 1662113077.785621
31.5900, 1662113249.862382
31.5900, 1662113272.985361
31.5900, 1662113312.416853
31.8100, 1662307502.005025
31.8100, 1662307562.456464
31.8100, 1662307622.873866
31.8100, 1662307683.286693
31.8100, 1662307743.707895
31.8400, 1662309543.461348
31.8300, 1662309548.206245
31.8400, 1662309582.167046
31.8500, 1662309640.782496
31.8500, 1662309645.525862
31.8500, 1662309650.310247
31.9000, 1662309917.468203
31.8800, 1662309922.107369
31.8800, 1662309983.640797
31.8700, 1662310087.136944
31.8700, 1662310167.797563
31.8700, 1662310212.395574
31.8700, 1662310227.316306
31.8600, 1662310367.00292
31.8600, 1662310427.245654
31.8600, 1662310487.462039
31.8600, 1662310547.682648
31.8600, 1662310607.901371
31.8600, 1662310668.126213
31.8600, 1662310728.374242
31.8600, 1662310788.59733
31.8600, 1662310848.823733
31.8600, 1662310909.042082
31.8600, 1662310969.26226
31.8600, 1662311029.479355
31.8600, 1662311089.695968
31.8600, 1662311149.915062
31.8600, 1662311210.132794
31.8600, 1662311270.384347
31.8600, 1662311330.603564
31.8600, 1662311390.823524
31.8600, 1662311451.039879
31.8600, 1662311511.257411
31.8600, 1662311571.473051
31.8600, 1662311631.690503
31.8600, 1662311691.906385
31.8600, 1662311752.126846
31.8600, 1662311812.34171
31.8600, 1662311872.556464
31.8600, 1662311932.775726
31.8600, 1662311992.993395
31.8600, 1662312053.211919
31.8600, 1662312113.43108
31.8600, 1662312173.649502
31.8600, 1662312233.867235
31.8600, 1662312294.097418
31.8600, 1662312354.321847
31.8600, 1662312414.542697
31.8600, 1662312474.7607
31.8600, 1662312534.990536
31.8600, 1662312595.213824
31.8600, 1662312655.431862
31.8600, 1662312715.651605
31.8600, 1662312775.868108
31.8600, 1662312836.089213
31.8600, 1662312896.310982
31.8600, 1662312956.530587
31.8600, 1662313016.749545
31.8600, 1662313076.972352
31.8600, 1662313137.19526
31.8600, 1662313197.414911
31.8600, 1662313257.6666
31.8600, 1662313317.89838
31.8600, 1662313378.132684
31.8600, 1662313438.3559
31.8600, 1662313498.576492
31.8600, 1662313558.80604
31.8600, 1662313619.028348
31.8600, 1662313679.252535
31.8600, 1662313739.476642
31.8600, 1662313799.700663
31.8600, 1662313859.928322
31.8600, 1662313920.150166
31.8600, 1662313980.376714
31.8600, 1662314040.600512
31.8600, 1662314100.82252
31.8600, 1662314161.055739
31.8600, 1662314200.59149
31.7300, 1662321359.572832
31.7300, 1662321419.819275
31.7300, 1662321480.047599
31.7500, 1662321722.193587
31.7500, 1662321782.438302
31.7800, 1662321842.663899
31.7800, 1662321902.885189
31.7900, 1662321963.103334
31.7900, 1662322023.320745
31.7900, 1662322083.53731
31.7900, 1662322143.757625
31.7900, 1662322149.066633
31.7900, 1662322151.160407
31.7900, 1662322152.458251
31.7900, 1662322162.971196
31.7600, 1662322164.469906
31.7600, 1662322165.722334
31.7600, 1662322166.589201
31.8200, 1662322939.481419
31.4260, 1662383599.491054
31.5200, 1662384084.934576
31.5200, 1662384131.924888
31.5200, 1662384220.087508
31.5700, 1662384328.987875
31.5300, 1662384742.583992
31.4763, 1662384802.825444
31.4800, 1662384863.038376
31.4800, 1662384923.25352
