
35.9800, 1661085593.575194
35.9600, 1661085667.38668
35.9504, 1661085719.688189
35.9504, 1661085779.895424
35.9600, 1661086212.75048
35.9600, 1661086269.514731
35.9600, 1661086312.871935
35.9600, 1661086337.500333
35.9600, 1661086606.321922
36.0100, 1661086634.645257
36.0100, 1661086639.146723
35.9800, 1661086694.351316
36.0100, 1661086699.042598
35.9800, 1661086747.137836
35.9800, 1661086751.832715
35.9280, 1661086893.107135
35.9280, 1661086897.692397
35.9280, 1661086902.290484
35.9280, 1661086976.698431
35.9280, 1661086981.391006
35.9400, 1661086986.04954
35.9280, 1661086990.604384
35.9280, 1661086995.373549
35.9400, 1661087114.228997
35.9400, 1661087119.017591
35.9400, 1661087123.647157
35.9400, 1661087128.35447
35.9400, 1661087132.890019
35.9800, 1661087243.091801
35.9800, 1661087360.136762
35.9600, 1661087450.21366
35.9271, 1661087594.806085
35.9271, 1661087669.460931
35.9600, 1661087749.462065
35.9600, 1661087754.035112
35.9600, 1661087797.003061
35.9600, 1661087801.486664
35.9600, 1661087881.415577
35.9300, 1661087924.226781
35.9300, 1661087928.717452
35.9300, 1661087933.241283
35.8000, 1661088240.272803
35.7756, 1661088494.314511
35.7756, 1661088499.013794
35.7756, 1661088576.820645
35.7899, 1661088796.51049
35.7899, 1661088856.75504
35.8000, 1661088958.546461
35.8000, 1661089127.134774
35.8300, 1661089322.239393
35.8200, 1661089326.909682
35.8300, 1661089331.534517
35.8300, 1661089363.750083
35.8300, 1661089368.358552
35.8300, 1661089494.625955
35.8300, 1661089550.649955
35.8300, 1661089613.164944
35.9500, 1661093518.877647
35.9900, 1661094372.921566
35.9700, 1661094420.505777
35.9800, 1661094574.434928
35.9800, 1661094634.623117
36.0011, 1661094746.19701
36.0100, 1661094897.535263
36.0100, 1661094954.160204
36.0100, 1661094960.506811
36.0300, 1661095026.023904
36.0462, 1661095069.015596
36.0462, 1661095073.591264
36.0462, 1661095078.103409
36.0462, 1661095112.857694
36.0800, 1661095156.703747
36.0462, 1661095161.592555
36.0462, 1661095166.082505
36.0800, 1661095249.092918
36.0800, 1661095253.559159
36.0800, 1661095258.110286
36.0800, 1661095262.601161
36.0800, 1661095267.086993
36.0100, 1661095607.889978
36.0100, 1661095612.524366
36.0400, 1661095617.093954
36.0100, 1661095659.856221
36.0100, 1661095710.26991
35.8800, 1661095786.252024
35.8800, 1661095981.789145
35.8800, 1661095986.369785
35.8800, 1661096019.726768
35.8800, 1661096024.284806
35.8800, 1661096088.692361
35.8800, 1661096128.081697
35.8800, 1661096244.728642
35.8800, 1661096304.940807
35.9700, 1661096370.584005
35.9700, 1661096425.066288
35.9700, 1661096485.280559
35.9600, 1661096502.253463
36.0299, 1661096581.673887
36.0377, 1661096633.307907
36.0600, 1661096725.896249
36.0600, 1661096762.260704
36.0600, 1661096879.997353
36.0600, 1661096909.117614
35.8600, 1661099311.920819
35.8600, 1661099353.520435
35.8600, 1661099384.985494
35.9000, 1661099447.953009
35.9000, 1661099475.157036
35.9000, 1661099535.368041
35.9700, 1661099609.427308
35.9700, 1661099634.660256
36.2158, 1661100465.987043
36.2900, 1661100632.728757
36.2900, 1661100637.243948
36.2900, 1661100655.288818
36.2300, 1661100719.516708
36.2300, 1661100779.835391
36.2300, 1661100840.147414
36.2300, 1661100900.462758
36.2300, 1661100960.781457
36.2300, 1661101021.097656
36.2300, 1661101081.423216
36.2300, 1661101141.735118
36.2300, 1661101202.057172
36.2300, 1661101262.367847
36.2300, 1661101322.715137
36.3000, 1661101393.645552
36.3000, 1661101418.409978
36.3000, 1661101432.784798
36.3000, 1661101455.678215
36.3000, 1661101477.318695
36.3100, 1661101553.109403
36.4100, 1661101814.731581
36.4300, 1661101922.115075
36.4300, 1661101927.026476
36.4300, 1661101931.677281
36.4900, 1661101975.965564
36.5245, 1661102260.438349
36.5245, 1661102264.945049
36.5245, 1661102287.210829
36.5100, 1661102691.853457
36.4900, 1661102713.734412
36.4900, 1661102773.482989
36.4900, 1661102817.278105
36.4900, 1661102842.802498
36.4900, 1661102869.260447
36.4800, 1661102999.774421
36.4600, 1661103023.24269
36.4800, 1661103041.700743
36.4600, 1661103096.950462
36.4600, 1661103142.546556
36.4600, 1661103171.314868
36.4600, 1661103194.009552
36.4600, 1661103211.875072
36.4600, 1661103272.19964
36.4600, 1661103332.537945
36.4600, 1661103392.876714
36.4600, 1661103453.215021
36.4600, 1661103513.552346
36.4400, 1661103598.773515
36.4500, 1661103625.70927
36.4500, 1661103671.721545
36.3896, 1661103799.964203
36.3896, 1661103891.107379
36.3400, 1661103981.785908
36.3400, 1661104007.476123
36.3792, 1661104151.462502
36.3792, 1661104167.479423
36.3792, 1661104190.727824
36.3792, 1661104275.353613
36.3700, 1661104354.093818
36.3700, 1661104372.094795
36.3300, 1661104398.281406
36.3700, 1661104413.569037
36.2800, 1661104698.645379
36.2900, 1661104747.778748
36.2900, 1661104808.190299
36.2900, 1661104831.795316
36.3000, 1661104879.487838
36.1843, 1661105086.093073
36.2100, 1661105249.2057
36.1600, 1661105390.755191
36.2300, 1661105604.555449
36.3203, 1661106272.075864
36.3203, 1661106338.032146
36.3203, 1661106384.493258
36.3203, 1661106446.005173
36.3203, 1661106507.578463
36.3203, 1661106569.133915
36.3203, 1661106630.673321
36.3203, 1661106692.222587
36.3203, 1661106753.753229
36.3203, 1661106815.272406
36.3203, 1661106876.775445
36.3203, 1661106938.302649
36.3203, 1661106999.845817
36.3203, 1661107061.425297
36.3203, 1661107122.80978
36.3203, 1661107184.201487
36.3203, 1661107245.58747
36.3203, 1661107307.019443
36.3203, 1661107368.408321
36.3203, 1661107429.812775
36.3203, 1661107491.21369
36.3203, 1661107552.613708
36.3203, 1661107614.018495
36.3400, 1661107697.502789
36.3500, 1661107765.113706
36.3700, 1661108170.298627
36.3700, 1661108231.835243
36.4200, 1661108254.157476
36.4200, 1661108316.008624
36.4200, 1661108361.332539
36.4200, 1661108381.126444
36.4200, 1661108421.445341
36.4200, 1661108483.138014
36.4200, 1661108544.842411
36.3700, 1661108600.023002
36.3700, 1661108618.248084
36.3700, 1661108652.66922
36.4000, 1661108681.27576
36.4000, 1661108741.6668
36.3800, 1661109440.373977
36.3800, 1661109461.921063
36.3800, 1661109468.675557
36.3800, 1661109522.299562
36.3475, 1661109536.541853
36.3475, 1661109555.213956
36.2744, 1661112502.68048
36.2744, 1661112562.903586
36.2744, 1661112678.656993
36.2744, 1661112744.005341
36.2744, 1661112762.17508
36.2502, 1661112777.612929
36.2502, 1661112807.983421
